35.017 -76.5
35.05 -76.48
35.033 -76.46
35.067 -76.46
35.05 -76.43
35.017 -76.43
34.983 -76.41
34.967 -76.43
34.967 -76.46
34.933 -76.44
34.95 -76.41
34.933 -76.38
34.967 -76.38
34.967 -76.31
35.017 -76.33
34.967 -76.28
34.917 -76.3
34.933 -76.34
34.9 -76.31
34.867 -76.38
34.883 -76.4
34.833 -76.41
34.817 -76.44
34.767 -76.48
34.783 -76.5
34.733 -76.5
34.717 -76.55
34.683 -76.53
34.7 -76.58
34.767 -76.58
34.817 -76.61
34.783 -76.61
34.717 -76.63
34.7 -76.61
34.717 -76.66
34.75 -76.65
34.783 -76.68
34.783 -76.73
34.75 -76.76
34.767 -76.71
34.733 -76.71
34.717 -76.69
34.733 -76.81
34.733 -76.88
34.717 -76.94
34.7 -77
34.683 -77.06
34.683 -77.09
34.717 -77.08
34.717 -77.09
34.767 -77.11
34.767 -77.15
34.7 -77.11
34.633 -77.16
34.633 -77.13
34.6 -77.19
34.567 -77.26
34.55 -77.31
34.6 -77.38
34.633 -77.33
34.733 -77.4
34.717 -77.41
34.733 -77.43
34.683 -77.43
34.7 -77.41
34.633 -77.36
34.617 -77.38
34.617 -77.44
34.567 -77.41
34.583 -77.4
34.55 -77.36
34.533 -77.38
34.533 -77.34
34.5 -77.4
34.467 -77.48
34.417 -77.55
34.383 -77.59
34.333 -77.68
34.283 -77.73
34.233 -77.78
34.15 -77.83
34.083 -77.86
34.017 -77.9
33.967 -77.91
33.933 -77.94
33.967 -77.93
34.033 -77.91
34.133 -77.93
34.183 -77.94
34.167 -77.96
34.1 -77.94
34.067 -77.94
33.983 -77.96
33.933 -78
33.9 -78.03
33.917 -78.16
33.917 -78.28
33.9 -78.36
33.883 -78.43
33.855 -78.55
34.8 -79.68
34.817 -80.8
34.933 -80.78
35.1 -80.93
35.033 -81.05
35.067 -81.06
35.1 -81.03
35.15 -81.05
35.2 -82.3
35.183 -82.36
35.217 -82.4
35.167 -82.43
35.15 -82.55
35.117 -82.68
35.067 -82.76
35.083 -82.78
35 -83.09
34.983 -84
34.983 -84.31
35.217 -84.3
35.267 -84.21
35.233 -84.18
35.25 -84.08
35.3 -84.01
35.35 -84.03
35.45 -83.98
35.483 -83.91
35.517 -83.86
35.517 -83.81
35.567 -83.75
35.567 -83.48
35.6 -83.44
35.633 -83.36
35.667 -83.33
35.65 -83.3
35.717 -83.23
35.733 -83.18
35.767 -83.15
35.783 -83.05
35.767 -83
35.833 -82.91
35.933 -82.91
35.95 -82.86
35.917 -82.8
36 -82.78
36.067 -82.63
36.033 -82.59
36 -82.61
35.967 -82.61
35.95 -82.55
35.983 -82.48
36.083 -82.41
36.133 -82.3
36.133 -82.25
36.167 -82.19
36.15 -82.15
36.117 -82.13
36.117 -82.06
36.133 -82.01
36.3 -81.91
36.333 -81.86
36.35 -81.8
36.333 -81.69
36.4 -81.73
36.467 -81.69
36.55 -81.69
36.6 -81.66
36.567 -81
36.55 -80
36.55 -76.03
36.517 -76.03
36.5 -76.05
36.45 -76.01
36.433 -75.98
36.417 -76
36.383 -75.96
36.4 -75.94
36.433 -75.93
36.4 -75.91
36.367 -75.93
36.283 -75.88
36.283 -75.86
36.25 -75.86
36.217 -75.84
36.167 -75.83
36.117 -75.8
36.083 -75.8
36.1 -75.84
36.133 -75.86
36.183 -75.86
36.2 -75.9
36.233 -75.91
36.283 -75.96
36.2 -75.94
36.167 -75.91
36.183 -76.01
36.233 -76.05
36.233 -76.08
36.283 -76.11
36.3 -76.21
36.267 -76.16
36.267 -76.15
36.217 -76.11
36.2 -76.08
36.15 -76.05
36.133 -76.09
36.133 -76.18
36.183 -76.26
36.117 -76.21
36.1 -76.19
36.1 -76.23
36.133 -76.33
36.133 -76.36
36.167 -76.4
36.2 -76.44
36.183 -76.44
36.117 -76.38
36.117 -76.34
36.1 -76.3
36.083 -76.4
36.033 -76.46
36.017 -76.5
36.017 -76.58
36.05 -76.61
36.033 -76.63
36.05 -76.68
36.15 -76.71
36.217 -76.71
36.267 -76.66
36.3 -76.68
36.317 -76.71
36.283 -76.69
36.217 -76.75
36.15 -76.75
36.1 -76.73
36.067 -76.73
36.033 -76.69
35.983 -76.68
35.967 -76.71
35.933 -76.73
35.9 -76.73
35.933 -76.69
35.933 -76.61
35.95 -76.51
35.983 -76.4
35.967 -76.38
35.933 -76.38
35.933 -76.34
35.917 -76.26
35.95 -76.31
35.983 -76.23
36 -76.15
35.983 -76.05
35.95 -76.01
35.967 -76.06
35.933 -76.06
35.933 -76.09
35.917 -76.06
35.933 -76.03
35.933 -76.01
35.867 -76.05
35.867 -76.08
35.85 -76.06
35.8 -76.05
35.767 -76.05
35.767 -76.08
35.75 -76.05
35.717 -76.05
35.683 -76.03
35.667 -76.06
35.65 -76.01
35.75 -75.98
35.783 -75.98
35.817 -76
35.833 -75.98
35.9 -75.98
35.917 -75.93
35.9 -75.9
35.933 -75.913
35.95 -75.94
35.967 -75.86
35.95 -75.9
35.933 -75.907
35.917 -75.81
35.95 -75.84
35.967 -75.84
35.95 -75.8
35.867 -75.75
35.817 -75.71
35.767 -75.73
35.7 -75.71
35.683 -75.73
35.7 -75.75
35.683 -75.78
35.65 -75.76
35.633 -75.73
35.617 -75.73
35.6 -75.78
35.567 -75.78
35.567 -75.83
35.6 -75.81
35.583 -75.84
35.633 -75.88
35.567 -75.88
35.533 -75.91
35.517 -75.98
35.5 -75.96
35.467 -76
35.417 -76.01
35.433 -76.05
35.4 -76.08
35.367 -76.06
35.35 -76.13
35.333 -76.15
35.35 -76.18
35.333 -76.21
35.367 -76.25
35.333 -76.26
35.4 -76.34
35.333 -76.34
35.367 -76.41
35.367 -76.36
35.383 -76.38
35.417 -76.38
35.45 -76.41
35.417 -76.41
35.4 -76.43
35.417 -76.44
35.4 -76.46
35.367 -76.46
35.4 -76.53
35.433 -76.51
35.433 -76.55
35.467 -76.55
35.5 -76.58
35.5 -76.48
35.55 -76.44
35.567 -76.46
35.533 -76.48
35.533 -76.55
35.55 -76.58
35.517 -76.65
35.483 -76.59
35.45 -76.59
35.383 -76.58
35.417 -76.68
35.433 -76.8
35.45 -76.81
35.467 -76.91
35.5 -77
35.517 -77.01
35.533 -77.05
35.517 -77.03
35.5 -77.03
35.467 -76.98
35.433 -76.96
35.45 -76.93
35.433 -76.9
35.417 -76.83
35.383 -76.8
35.367 -76.69
35.333 -76.75
35.35 -76.68
35.333 -76.61
35.317 -76.61
35.333 -76.59
35.317 -76.5
35.283 -76.5
35.267 -76.46
35.233 -76.51
35.217 -76.5
35.233 -76.56
35.2 -76.51
35.183 -76.53
35.2 -76.58
35.183 -76.61
35.183 -76.66
35.133 -76.69
35.167 -76.65
35.15 -76.59
35.167 -76.58
35.15 -76.55
35.1 -76.56
35.1 -76.61
35.083 -76.59
35.067 -76.59
35.017 -76.69
35 -76.71
35 -76.75
34.967 -76.78
34.967 -76.81
35.017 -76.88
35.033 -76.93
35.067 -76.94
35.067 -76.98
35.133 -77.03
35.15 -77.08
35.133 -77.05
35.05 -77
35 -76.96
34.967 -76.93
34.95 -76.88
34.933 -76.8
34.917 -76.76
34.917 -76.73
34.95 -76.69
34.95 -76.66
34.967 -76.66
34.983 -76.63
34.983 -76.58
35 -76.53
34.983 -76.48
35.017 -76.5
36.55 -75.91
36.483 -75.91
36.5 -75.94
36.483 -75.98
36.517 -75.98
36.55 -76
36.55 -75.98
36.55 -75.96
36.55 -75.937
36.55 -75.91
36.283 -75.8
36.317 -75.83
36.417 -75.833
36.483 -75.88
36.517 -75.88
36.55 -75.9
36.55 -75.881
36.55 -75.86
36.517 -75.86
36.417 -75.83
36.349 -75.814
36.283 -75.8
